{
 "cells": [
  {
   "cell_type": "markdown",
   "metadata": {},
   "source": [
    "#  TASK 1\n",
    "## Boston Dataset Features\n",
    "- `CRIM`: Per capita crime rate by town\n",
    "- `ZN`: Proportion of residential land zoned for lots over 25,000 sq.ft.\n",
    "- `INDUS`: Proportion of non-retail business acres per town\n",
    "- `CHAS`: Charles River dummy variable (= 1 if tract bounds river; 0 otherwise)\n",
    "- `NOX`: Nitric oxides concentration (parts per 10 million)\n",
    "- `RM`: Average number of rooms per dwelling\n",
    "- `AGE`: Proportion of owner-occupied units built prior to 1940\n",
    "- `DIS`: Weighted distances to five Boston employment centres\n",
    "- `RAD`: Index of accessibility to radial highways\n",
    "- `TAX`: Full-value property-tax rate per $10,000\n",
    "- `PTRATIO`: Pupil-teacher ratio by town\n",
    "- ~~`B`: 1000(Bk - 0.63)^2 where Bk is the proportion of blacks by town~~\n",
    "- `LSTAT`: Percentage of lower status of the population\n",
    "- `MEDV`: Median value of owner-occupied homes in $1000's\n"
   ]
  },
  {
   "cell_type": "code",
   "execution_count": 2,
   "metadata": {},
   "outputs": [],
   "source": [
    "import numpy as np\n",
    "import pandas as pd\n",
    "from IPython.core.interactiveshell import InteractiveShell\n",
    "import matplotlib.pyplot as plt\n",
    "from sklearn.model_selection import train_test_split\n",
    "InteractiveShell.ast_node_interactivity = \"all\"\n",
    "\n",
    "pd.set_option('display.max_rows', None)\n",
    "\n",
    "boston_df = None\n",
    "\n",
    "with open(\"housing.csv\", \"r\") as f:\n",
    "    names = [\"CRIM\", \"ZN\", \"INDUS\", \"CHAS\", \"NOX\", \"RM\", \"AGE\", \"DIS\", \"RAD\",\n",
    "                         \"TAX\", \"PTRATIO\", \"B\", \"LSTAT\", \"MEDV\"]\n",
    "    boston_df = pd.read_csv(f, header=None, index_col=False, names=names, sep=r'\\s+') # Space separated csv\n",
    "\n",
    "boston_df = boston_df.drop([\"B\"], axis=1) # Remove unethical data\n",
    "#Check missing data\n",
    "# does not run on alex's machine\n",
    "#print(boston_df[boston_df.eq('?').any(1)])"
   ]
  },
  {
   "cell_type": "code",
   "execution_count": 3,
   "metadata": {},
   "outputs": [
    {
     "data": {
      "text/html": [
       "<div>\n",
       "<style scoped>\n",
       "    .dataframe tbody tr th:only-of-type {\n",
       "        vertical-align: middle;\n",
       "    }\n",
       "\n",
       "    .dataframe tbody tr th {\n",
       "        vertical-align: top;\n",
       "    }\n",
       "\n",
       "    .dataframe thead th {\n",
       "        text-align: right;\n",
       "    }\n",
       "</style>\n",
       "<table border=\"1\" class=\"dataframe\">\n",
       "  <thead>\n",
       "    <tr style=\"text-align: right;\">\n",
       "      <th></th>\n",
       "      <th>CRIM</th>\n",
       "      <th>ZN</th>\n",
       "      <th>INDUS</th>\n",
       "      <th>CHAS</th>\n",
       "      <th>NOX</th>\n",
       "      <th>RM</th>\n",
       "      <th>AGE</th>\n",
       "      <th>DIS</th>\n",
       "      <th>RAD</th>\n",
       "      <th>TAX</th>\n",
       "      <th>PTRATIO</th>\n",
       "      <th>LSTAT</th>\n",
       "      <th>MEDV</th>\n",
       "    </tr>\n",
       "  </thead>\n",
       "  <tbody>\n",
       "    <tr>\n",
       "      <th>count</th>\n",
       "      <td>506.000000</td>\n",
       "      <td>506.000000</td>\n",
       "      <td>506.000000</td>\n",
       "      <td>506.000000</td>\n",
       "      <td>506.000000</td>\n",
       "      <td>506.000000</td>\n",
       "      <td>506.000000</td>\n",
       "      <td>506.000000</td>\n",
       "      <td>506.000000</td>\n",
       "      <td>506.000000</td>\n",
       "      <td>506.000000</td>\n",
       "      <td>506.000000</td>\n",
       "      <td>506.000000</td>\n",
       "    </tr>\n",
       "    <tr>\n",
       "      <th>mean</th>\n",
       "      <td>3.613524</td>\n",
       "      <td>11.363636</td>\n",
       "      <td>11.136779</td>\n",
       "      <td>0.069170</td>\n",
       "      <td>0.554695</td>\n",
       "      <td>6.284634</td>\n",
       "      <td>68.574901</td>\n",
       "      <td>3.795043</td>\n",
       "      <td>9.549407</td>\n",
       "      <td>408.237154</td>\n",
       "      <td>18.455534</td>\n",
       "      <td>12.653063</td>\n",
       "      <td>22.532806</td>\n",
       "    </tr>\n",
       "    <tr>\n",
       "      <th>std</th>\n",
       "      <td>8.601545</td>\n",
       "      <td>23.322453</td>\n",
       "      <td>6.860353</td>\n",
       "      <td>0.253994</td>\n",
       "      <td>0.115878</td>\n",
       "      <td>0.702617</td>\n",
       "      <td>28.148861</td>\n",
       "      <td>2.105710</td>\n",
       "      <td>8.707259</td>\n",
       "      <td>168.537116</td>\n",
       "      <td>2.164946</td>\n",
       "      <td>7.141062</td>\n",
       "      <td>9.197104</td>\n",
       "    </tr>\n",
       "    <tr>\n",
       "      <th>min</th>\n",
       "      <td>0.006320</td>\n",
       "      <td>0.000000</td>\n",
       "      <td>0.460000</td>\n",
       "      <td>0.000000</td>\n",
       "      <td>0.385000</td>\n",
       "      <td>3.561000</td>\n",
       "      <td>2.900000</td>\n",
       "      <td>1.129600</td>\n",
       "      <td>1.000000</td>\n",
       "      <td>187.000000</td>\n",
       "      <td>12.600000</td>\n",
       "      <td>1.730000</td>\n",
       "      <td>5.000000</td>\n",
       "    </tr>\n",
       "    <tr>\n",
       "      <th>25%</th>\n",
       "      <td>0.082045</td>\n",
       "      <td>0.000000</td>\n",
       "      <td>5.190000</td>\n",
       "      <td>0.000000</td>\n",
       "      <td>0.449000</td>\n",
       "      <td>5.885500</td>\n",
       "      <td>45.025000</td>\n",
       "      <td>2.100175</td>\n",
       "      <td>4.000000</td>\n",
       "      <td>279.000000</td>\n",
       "      <td>17.400000</td>\n",
       "      <td>6.950000</td>\n",
       "      <td>17.025000</td>\n",
       "    </tr>\n",
       "    <tr>\n",
       "      <th>50%</th>\n",
       "      <td>0.256510</td>\n",
       "      <td>0.000000</td>\n",
       "      <td>9.690000</td>\n",
       "      <td>0.000000</td>\n",
       "      <td>0.538000</td>\n",
       "      <td>6.208500</td>\n",
       "      <td>77.500000</td>\n",
       "      <td>3.207450</td>\n",
       "      <td>5.000000</td>\n",
       "      <td>330.000000</td>\n",
       "      <td>19.050000</td>\n",
       "      <td>11.360000</td>\n",
       "      <td>21.200000</td>\n",
       "    </tr>\n",
       "    <tr>\n",
       "      <th>75%</th>\n",
       "      <td>3.677083</td>\n",
       "      <td>12.500000</td>\n",
       "      <td>18.100000</td>\n",
       "      <td>0.000000</td>\n",
       "      <td>0.624000</td>\n",
       "      <td>6.623500</td>\n",
       "      <td>94.075000</td>\n",
       "      <td>5.188425</td>\n",
       "      <td>24.000000</td>\n",
       "      <td>666.000000</td>\n",
       "      <td>20.200000</td>\n",
       "      <td>16.955000</td>\n",
       "      <td>25.000000</td>\n",
       "    </tr>\n",
       "    <tr>\n",
       "      <th>max</th>\n",
       "      <td>88.976200</td>\n",
       "      <td>100.000000</td>\n",
       "      <td>27.740000</td>\n",
       "      <td>1.000000</td>\n",
       "      <td>0.871000</td>\n",
       "      <td>8.780000</td>\n",
       "      <td>100.000000</td>\n",
       "      <td>12.126500</td>\n",
       "      <td>24.000000</td>\n",
       "      <td>711.000000</td>\n",
       "      <td>22.000000</td>\n",
       "      <td>37.970000</td>\n",
       "      <td>50.000000</td>\n",
       "    </tr>\n",
       "  </tbody>\n",
       "</table>\n",
       "</div>"
      ],
      "text/plain": [
       "             CRIM          ZN       INDUS        CHAS         NOX          RM  \\\n",
       "count  506.000000  506.000000  506.000000  506.000000  506.000000  506.000000   \n",
       "mean     3.613524   11.363636   11.136779    0.069170    0.554695    6.284634   \n",
       "std      8.601545   23.322453    6.860353    0.253994    0.115878    0.702617   \n",
       "min      0.006320    0.000000    0.460000    0.000000    0.385000    3.561000   \n",
       "25%      0.082045    0.000000    5.190000    0.000000    0.449000    5.885500   \n",
       "50%      0.256510    0.000000    9.690000    0.000000    0.538000    6.208500   \n",
       "75%      3.677083   12.500000   18.100000    0.000000    0.624000    6.623500   \n",
       "max     88.976200  100.000000   27.740000    1.000000    0.871000    8.780000   \n",
       "\n",
       "              AGE         DIS         RAD         TAX     PTRATIO       LSTAT  \\\n",
       "count  506.000000  506.000000  506.000000  506.000000  506.000000  506.000000   \n",
       "mean    68.574901    3.795043    9.549407  408.237154   18.455534   12.653063   \n",
       "std     28.148861    2.105710    8.707259  168.537116    2.164946    7.141062   \n",
       "min      2.900000    1.129600    1.000000  187.000000   12.600000    1.730000   \n",
       "25%     45.025000    2.100175    4.000000  279.000000   17.400000    6.950000   \n",
       "50%     77.500000    3.207450    5.000000  330.000000   19.050000   11.360000   \n",
       "75%     94.075000    5.188425   24.000000  666.000000   20.200000   16.955000   \n",
       "max    100.000000   12.126500   24.000000  711.000000   22.000000   37.970000   \n",
       "\n",
       "             MEDV  \n",
       "count  506.000000  \n",
       "mean    22.532806  \n",
       "std      9.197104  \n",
       "min      5.000000  \n",
       "25%     17.025000  \n",
       "50%     21.200000  \n",
       "75%     25.000000  \n",
       "max     50.000000  "
      ]
     },
     "execution_count": 3,
     "metadata": {},
     "output_type": "execute_result"
    },
    {
     "data": {
      "text/html": [
       "<div>\n",
       "<style scoped>\n",
       "    .dataframe tbody tr th:only-of-type {\n",
       "        vertical-align: middle;\n",
       "    }\n",
       "\n",
       "    .dataframe tbody tr th {\n",
       "        vertical-align: top;\n",
       "    }\n",
       "\n",
       "    .dataframe thead th {\n",
       "        text-align: right;\n",
       "    }\n",
       "</style>\n",
       "<table border=\"1\" class=\"dataframe\">\n",
       "  <thead>\n",
       "    <tr style=\"text-align: right;\">\n",
       "      <th></th>\n",
       "      <th>CRIM</th>\n",
       "      <th>ZN</th>\n",
       "      <th>INDUS</th>\n",
       "      <th>CHAS</th>\n",
       "      <th>NOX</th>\n",
       "      <th>RM</th>\n",
       "      <th>AGE</th>\n",
       "      <th>DIS</th>\n",
       "      <th>RAD</th>\n",
       "      <th>TAX</th>\n",
       "      <th>PTRATIO</th>\n",
       "      <th>LSTAT</th>\n",
       "      <th>MEDV</th>\n",
       "    </tr>\n",
       "  </thead>\n",
       "  <tbody>\n",
       "    <tr>\n",
       "      <th>CRIM</th>\n",
       "      <td>1.000000</td>\n",
       "      <td>-0.200469</td>\n",
       "      <td>0.406583</td>\n",
       "      <td>-0.055892</td>\n",
       "      <td>0.420972</td>\n",
       "      <td>-0.219247</td>\n",
       "      <td>0.352734</td>\n",
       "      <td>-0.379670</td>\n",
       "      <td>0.625505</td>\n",
       "      <td>0.582764</td>\n",
       "      <td>0.289946</td>\n",
       "      <td>0.455621</td>\n",
       "      <td>-0.388305</td>\n",
       "    </tr>\n",
       "    <tr>\n",
       "      <th>ZN</th>\n",
       "      <td>-0.200469</td>\n",
       "      <td>1.000000</td>\n",
       "      <td>-0.533828</td>\n",
       "      <td>-0.042697</td>\n",
       "      <td>-0.516604</td>\n",
       "      <td>0.311991</td>\n",
       "      <td>-0.569537</td>\n",
       "      <td>0.664408</td>\n",
       "      <td>-0.311948</td>\n",
       "      <td>-0.314563</td>\n",
       "      <td>-0.391679</td>\n",
       "      <td>-0.412995</td>\n",
       "      <td>0.360445</td>\n",
       "    </tr>\n",
       "    <tr>\n",
       "      <th>INDUS</th>\n",
       "      <td>0.406583</td>\n",
       "      <td>-0.533828</td>\n",
       "      <td>1.000000</td>\n",
       "      <td>0.062938</td>\n",
       "      <td>0.763651</td>\n",
       "      <td>-0.391676</td>\n",
       "      <td>0.644779</td>\n",
       "      <td>-0.708027</td>\n",
       "      <td>0.595129</td>\n",
       "      <td>0.720760</td>\n",
       "      <td>0.383248</td>\n",
       "      <td>0.603800</td>\n",
       "      <td>-0.483725</td>\n",
       "    </tr>\n",
       "    <tr>\n",
       "      <th>CHAS</th>\n",
       "      <td>-0.055892</td>\n",
       "      <td>-0.042697</td>\n",
       "      <td>0.062938</td>\n",
       "      <td>1.000000</td>\n",
       "      <td>0.091203</td>\n",
       "      <td>0.091251</td>\n",
       "      <td>0.086518</td>\n",
       "      <td>-0.099176</td>\n",
       "      <td>-0.007368</td>\n",
       "      <td>-0.035587</td>\n",
       "      <td>-0.121515</td>\n",
       "      <td>-0.053929</td>\n",
       "      <td>0.175260</td>\n",
       "    </tr>\n",
       "    <tr>\n",
       "      <th>NOX</th>\n",
       "      <td>0.420972</td>\n",
       "      <td>-0.516604</td>\n",
       "      <td>0.763651</td>\n",
       "      <td>0.091203</td>\n",
       "      <td>1.000000</td>\n",
       "      <td>-0.302188</td>\n",
       "      <td>0.731470</td>\n",
       "      <td>-0.769230</td>\n",
       "      <td>0.611441</td>\n",
       "      <td>0.668023</td>\n",
       "      <td>0.188933</td>\n",
       "      <td>0.590879</td>\n",
       "      <td>-0.427321</td>\n",
       "    </tr>\n",
       "    <tr>\n",
       "      <th>RM</th>\n",
       "      <td>-0.219247</td>\n",
       "      <td>0.311991</td>\n",
       "      <td>-0.391676</td>\n",
       "      <td>0.091251</td>\n",
       "      <td>-0.302188</td>\n",
       "      <td>1.000000</td>\n",
       "      <td>-0.240265</td>\n",
       "      <td>0.205246</td>\n",
       "      <td>-0.209847</td>\n",
       "      <td>-0.292048</td>\n",
       "      <td>-0.355501</td>\n",
       "      <td>-0.613808</td>\n",
       "      <td>0.695360</td>\n",
       "    </tr>\n",
       "    <tr>\n",
       "      <th>AGE</th>\n",
       "      <td>0.352734</td>\n",
       "      <td>-0.569537</td>\n",
       "      <td>0.644779</td>\n",
       "      <td>0.086518</td>\n",
       "      <td>0.731470</td>\n",
       "      <td>-0.240265</td>\n",
       "      <td>1.000000</td>\n",
       "      <td>-0.747881</td>\n",
       "      <td>0.456022</td>\n",
       "      <td>0.506456</td>\n",
       "      <td>0.261515</td>\n",
       "      <td>0.602339</td>\n",
       "      <td>-0.376955</td>\n",
       "    </tr>\n",
       "    <tr>\n",
       "      <th>DIS</th>\n",
       "      <td>-0.379670</td>\n",
       "      <td>0.664408</td>\n",
       "      <td>-0.708027</td>\n",
       "      <td>-0.099176</td>\n",
       "      <td>-0.769230</td>\n",
       "      <td>0.205246</td>\n",
       "      <td>-0.747881</td>\n",
       "      <td>1.000000</td>\n",
       "      <td>-0.494588</td>\n",
       "      <td>-0.534432</td>\n",
       "      <td>-0.232471</td>\n",
       "      <td>-0.496996</td>\n",
       "      <td>0.249929</td>\n",
       "    </tr>\n",
       "    <tr>\n",
       "      <th>RAD</th>\n",
       "      <td>0.625505</td>\n",
       "      <td>-0.311948</td>\n",
       "      <td>0.595129</td>\n",
       "      <td>-0.007368</td>\n",
       "      <td>0.611441</td>\n",
       "      <td>-0.209847</td>\n",
       "      <td>0.456022</td>\n",
       "      <td>-0.494588</td>\n",
       "      <td>1.000000</td>\n",
       "      <td>0.910228</td>\n",
       "      <td>0.464741</td>\n",
       "      <td>0.488676</td>\n",
       "      <td>-0.381626</td>\n",
       "    </tr>\n",
       "    <tr>\n",
       "      <th>TAX</th>\n",
       "      <td>0.582764</td>\n",
       "      <td>-0.314563</td>\n",
       "      <td>0.720760</td>\n",
       "      <td>-0.035587</td>\n",
       "      <td>0.668023</td>\n",
       "      <td>-0.292048</td>\n",
       "      <td>0.506456</td>\n",
       "      <td>-0.534432</td>\n",
       "      <td>0.910228</td>\n",
       "      <td>1.000000</td>\n",
       "      <td>0.460853</td>\n",
       "      <td>0.543993</td>\n",
       "      <td>-0.468536</td>\n",
       "    </tr>\n",
       "    <tr>\n",
       "      <th>PTRATIO</th>\n",
       "      <td>0.289946</td>\n",
       "      <td>-0.391679</td>\n",
       "      <td>0.383248</td>\n",
       "      <td>-0.121515</td>\n",
       "      <td>0.188933</td>\n",
       "      <td>-0.355501</td>\n",
       "      <td>0.261515</td>\n",
       "      <td>-0.232471</td>\n",
       "      <td>0.464741</td>\n",
       "      <td>0.460853</td>\n",
       "      <td>1.000000</td>\n",
       "      <td>0.374044</td>\n",
       "      <td>-0.507787</td>\n",
       "    </tr>\n",
       "    <tr>\n",
       "      <th>LSTAT</th>\n",
       "      <td>0.455621</td>\n",
       "      <td>-0.412995</td>\n",
       "      <td>0.603800</td>\n",
       "      <td>-0.053929</td>\n",
       "      <td>0.590879</td>\n",
       "      <td>-0.613808</td>\n",
       "      <td>0.602339</td>\n",
       "      <td>-0.496996</td>\n",
       "      <td>0.488676</td>\n",
       "      <td>0.543993</td>\n",
       "      <td>0.374044</td>\n",
       "      <td>1.000000</td>\n",
       "      <td>-0.737663</td>\n",
       "    </tr>\n",
       "    <tr>\n",
       "      <th>MEDV</th>\n",
       "      <td>-0.388305</td>\n",
       "      <td>0.360445</td>\n",
       "      <td>-0.483725</td>\n",
       "      <td>0.175260</td>\n",
       "      <td>-0.427321</td>\n",
       "      <td>0.695360</td>\n",
       "      <td>-0.376955</td>\n",
       "      <td>0.249929</td>\n",
       "      <td>-0.381626</td>\n",
       "      <td>-0.468536</td>\n",
       "      <td>-0.507787</td>\n",
       "      <td>-0.737663</td>\n",
       "      <td>1.000000</td>\n",
       "    </tr>\n",
       "  </tbody>\n",
       "</table>\n",
       "</div>"
      ],
      "text/plain": [
       "             CRIM        ZN     INDUS      CHAS       NOX        RM       AGE  \\\n",
       "CRIM     1.000000 -0.200469  0.406583 -0.055892  0.420972 -0.219247  0.352734   \n",
       "ZN      -0.200469  1.000000 -0.533828 -0.042697 -0.516604  0.311991 -0.569537   \n",
       "INDUS    0.406583 -0.533828  1.000000  0.062938  0.763651 -0.391676  0.644779   \n",
       "CHAS    -0.055892 -0.042697  0.062938  1.000000  0.091203  0.091251  0.086518   \n",
       "NOX      0.420972 -0.516604  0.763651  0.091203  1.000000 -0.302188  0.731470   \n",
       "RM      -0.219247  0.311991 -0.391676  0.091251 -0.302188  1.000000 -0.240265   \n",
       "AGE      0.352734 -0.569537  0.644779  0.086518  0.731470 -0.240265  1.000000   \n",
       "DIS     -0.379670  0.664408 -0.708027 -0.099176 -0.769230  0.205246 -0.747881   \n",
       "RAD      0.625505 -0.311948  0.595129 -0.007368  0.611441 -0.209847  0.456022   \n",
       "TAX      0.582764 -0.314563  0.720760 -0.035587  0.668023 -0.292048  0.506456   \n",
       "PTRATIO  0.289946 -0.391679  0.383248 -0.121515  0.188933 -0.355501  0.261515   \n",
       "LSTAT    0.455621 -0.412995  0.603800 -0.053929  0.590879 -0.613808  0.602339   \n",
       "MEDV    -0.388305  0.360445 -0.483725  0.175260 -0.427321  0.695360 -0.376955   \n",
       "\n",
       "              DIS       RAD       TAX   PTRATIO     LSTAT      MEDV  \n",
       "CRIM    -0.379670  0.625505  0.582764  0.289946  0.455621 -0.388305  \n",
       "ZN       0.664408 -0.311948 -0.314563 -0.391679 -0.412995  0.360445  \n",
       "INDUS   -0.708027  0.595129  0.720760  0.383248  0.603800 -0.483725  \n",
       "CHAS    -0.099176 -0.007368 -0.035587 -0.121515 -0.053929  0.175260  \n",
       "NOX     -0.769230  0.611441  0.668023  0.188933  0.590879 -0.427321  \n",
       "RM       0.205246 -0.209847 -0.292048 -0.355501 -0.613808  0.695360  \n",
       "AGE     -0.747881  0.456022  0.506456  0.261515  0.602339 -0.376955  \n",
       "DIS      1.000000 -0.494588 -0.534432 -0.232471 -0.496996  0.249929  \n",
       "RAD     -0.494588  1.000000  0.910228  0.464741  0.488676 -0.381626  \n",
       "TAX     -0.534432  0.910228  1.000000  0.460853  0.543993 -0.468536  \n",
       "PTRATIO -0.232471  0.464741  0.460853  1.000000  0.374044 -0.507787  \n",
       "LSTAT   -0.496996  0.488676  0.543993  0.374044  1.000000 -0.737663  \n",
       "MEDV     0.249929 -0.381626 -0.468536 -0.507787 -0.737663  1.000000  "
      ]
     },
     "execution_count": 3,
     "metadata": {},
     "output_type": "execute_result"
    }
   ],
   "source": [
    "boston_df.describe()\n",
    "boston_df.corr()"
   ]
  },
  {
   "cell_type": "markdown",
   "metadata": {},
   "source": [
    "## Wine Dataset"
   ]
  },
  {
   "cell_type": "code",
   "execution_count": 4,
   "metadata": {},
   "outputs": [],
   "source": [
    "from ucimlrepo import fetch_ucirepo \n",
    "  \n",
    "# fetch dataset \n",
    "wine = fetch_ucirepo(id=109) \n",
    "  \n",
    "# data (as pandas dataframes) \n",
    "wine_X = wine.data.features\n",
    "wine_y = wine.data.targets\n",
    "#does not run on alex's machine \n",
    "#print(wine_X[wine_X.eq('?').any(1)])\n",
    "#print(wine_y[wine_y.eq('?').any(1)])"
   ]
  },
  {
   "cell_type": "code",
   "execution_count": 5,
   "metadata": {},
   "outputs": [
    {
     "data": {
      "text/html": [
       "<div>\n",
       "<style scoped>\n",
       "    .dataframe tbody tr th:only-of-type {\n",
       "        vertical-align: middle;\n",
       "    }\n",
       "\n",
       "    .dataframe tbody tr th {\n",
       "        vertical-align: top;\n",
       "    }\n",
       "\n",
       "    .dataframe thead th {\n",
       "        text-align: right;\n",
       "    }\n",
       "</style>\n",
       "<table border=\"1\" class=\"dataframe\">\n",
       "  <thead>\n",
       "    <tr style=\"text-align: right;\">\n",
       "      <th></th>\n",
       "      <th>Alcohol</th>\n",
       "      <th>Malicacid</th>\n",
       "      <th>Ash</th>\n",
       "      <th>Alcalinity_of_ash</th>\n",
       "      <th>Magnesium</th>\n",
       "      <th>Total_phenols</th>\n",
       "      <th>Flavanoids</th>\n",
       "      <th>Nonflavanoid_phenols</th>\n",
       "      <th>Proanthocyanins</th>\n",
       "      <th>Color_intensity</th>\n",
       "      <th>Hue</th>\n",
       "      <th>0D280_0D315_of_diluted_wines</th>\n",
       "      <th>Proline</th>\n",
       "      <th>class</th>\n",
       "    </tr>\n",
       "  </thead>\n",
       "  <tbody>\n",
       "    <tr>\n",
       "      <th>count</th>\n",
       "      <td>178.000000</td>\n",
       "      <td>178.000000</td>\n",
       "      <td>178.000000</td>\n",
       "      <td>178.000000</td>\n",
       "      <td>178.000000</td>\n",
       "      <td>178.000000</td>\n",
       "      <td>178.000000</td>\n",
       "      <td>178.000000</td>\n",
       "      <td>178.000000</td>\n",
       "      <td>178.000000</td>\n",
       "      <td>178.000000</td>\n",
       "      <td>178.000000</td>\n",
       "      <td>178.000000</td>\n",
       "      <td>178.000000</td>\n",
       "    </tr>\n",
       "    <tr>\n",
       "      <th>mean</th>\n",
       "      <td>13.000618</td>\n",
       "      <td>2.336348</td>\n",
       "      <td>2.366517</td>\n",
       "      <td>19.494944</td>\n",
       "      <td>99.741573</td>\n",
       "      <td>2.295112</td>\n",
       "      <td>2.029270</td>\n",
       "      <td>0.361854</td>\n",
       "      <td>1.590899</td>\n",
       "      <td>5.058090</td>\n",
       "      <td>0.957449</td>\n",
       "      <td>2.611685</td>\n",
       "      <td>746.893258</td>\n",
       "      <td>1.938202</td>\n",
       "    </tr>\n",
       "    <tr>\n",
       "      <th>std</th>\n",
       "      <td>0.811827</td>\n",
       "      <td>1.117146</td>\n",
       "      <td>0.274344</td>\n",
       "      <td>3.339564</td>\n",
       "      <td>14.282484</td>\n",
       "      <td>0.625851</td>\n",
       "      <td>0.998859</td>\n",
       "      <td>0.124453</td>\n",
       "      <td>0.572359</td>\n",
       "      <td>2.318286</td>\n",
       "      <td>0.228572</td>\n",
       "      <td>0.709990</td>\n",
       "      <td>314.907474</td>\n",
       "      <td>0.775035</td>\n",
       "    </tr>\n",
       "    <tr>\n",
       "      <th>min</th>\n",
       "      <td>11.030000</td>\n",
       "      <td>0.740000</td>\n",
       "      <td>1.360000</td>\n",
       "      <td>10.600000</td>\n",
       "      <td>70.000000</td>\n",
       "      <td>0.980000</td>\n",
       "      <td>0.340000</td>\n",
       "      <td>0.130000</td>\n",
       "      <td>0.410000</td>\n",
       "      <td>1.280000</td>\n",
       "      <td>0.480000</td>\n",
       "      <td>1.270000</td>\n",
       "      <td>278.000000</td>\n",
       "      <td>1.000000</td>\n",
       "    </tr>\n",
       "    <tr>\n",
       "      <th>25%</th>\n",
       "      <td>12.362500</td>\n",
       "      <td>1.602500</td>\n",
       "      <td>2.210000</td>\n",
       "      <td>17.200000</td>\n",
       "      <td>88.000000</td>\n",
       "      <td>1.742500</td>\n",
       "      <td>1.205000</td>\n",
       "      <td>0.270000</td>\n",
       "      <td>1.250000</td>\n",
       "      <td>3.220000</td>\n",
       "      <td>0.782500</td>\n",
       "      <td>1.937500</td>\n",
       "      <td>500.500000</td>\n",
       "      <td>1.000000</td>\n",
       "    </tr>\n",
       "    <tr>\n",
       "      <th>50%</th>\n",
       "      <td>13.050000</td>\n",
       "      <td>1.865000</td>\n",
       "      <td>2.360000</td>\n",
       "      <td>19.500000</td>\n",
       "      <td>98.000000</td>\n",
       "      <td>2.355000</td>\n",
       "      <td>2.135000</td>\n",
       "      <td>0.340000</td>\n",
       "      <td>1.555000</td>\n",
       "      <td>4.690000</td>\n",
       "      <td>0.965000</td>\n",
       "      <td>2.780000</td>\n",
       "      <td>673.500000</td>\n",
       "      <td>2.000000</td>\n",
       "    </tr>\n",
       "    <tr>\n",
       "      <th>75%</th>\n",
       "      <td>13.677500</td>\n",
       "      <td>3.082500</td>\n",
       "      <td>2.557500</td>\n",
       "      <td>21.500000</td>\n",
       "      <td>107.000000</td>\n",
       "      <td>2.800000</td>\n",
       "      <td>2.875000</td>\n",
       "      <td>0.437500</td>\n",
       "      <td>1.950000</td>\n",
       "      <td>6.200000</td>\n",
       "      <td>1.120000</td>\n",
       "      <td>3.170000</td>\n",
       "      <td>985.000000</td>\n",
       "      <td>3.000000</td>\n",
       "    </tr>\n",
       "    <tr>\n",
       "      <th>max</th>\n",
       "      <td>14.830000</td>\n",
       "      <td>5.800000</td>\n",
       "      <td>3.230000</td>\n",
       "      <td>30.000000</td>\n",
       "      <td>162.000000</td>\n",
       "      <td>3.880000</td>\n",
       "      <td>5.080000</td>\n",
       "      <td>0.660000</td>\n",
       "      <td>3.580000</td>\n",
       "      <td>13.000000</td>\n",
       "      <td>1.710000</td>\n",
       "      <td>4.000000</td>\n",
       "      <td>1680.000000</td>\n",
       "      <td>3.000000</td>\n",
       "    </tr>\n",
       "  </tbody>\n",
       "</table>\n",
       "</div>"
      ],
      "text/plain": [
       "          Alcohol   Malicacid         Ash  Alcalinity_of_ash   Magnesium  \\\n",
       "count  178.000000  178.000000  178.000000         178.000000  178.000000   \n",
       "mean    13.000618    2.336348    2.366517          19.494944   99.741573   \n",
       "std      0.811827    1.117146    0.274344           3.339564   14.282484   \n",
       "min     11.030000    0.740000    1.360000          10.600000   70.000000   \n",
       "25%     12.362500    1.602500    2.210000          17.200000   88.000000   \n",
       "50%     13.050000    1.865000    2.360000          19.500000   98.000000   \n",
       "75%     13.677500    3.082500    2.557500          21.500000  107.000000   \n",
       "max     14.830000    5.800000    3.230000          30.000000  162.000000   \n",
       "\n",
       "       Total_phenols  Flavanoids  Nonflavanoid_phenols  Proanthocyanins  \\\n",
       "count     178.000000  178.000000            178.000000       178.000000   \n",
       "mean        2.295112    2.029270              0.361854         1.590899   \n",
       "std         0.625851    0.998859              0.124453         0.572359   \n",
       "min         0.980000    0.340000              0.130000         0.410000   \n",
       "25%         1.742500    1.205000              0.270000         1.250000   \n",
       "50%         2.355000    2.135000              0.340000         1.555000   \n",
       "75%         2.800000    2.875000              0.437500         1.950000   \n",
       "max         3.880000    5.080000              0.660000         3.580000   \n",
       "\n",
       "       Color_intensity         Hue  0D280_0D315_of_diluted_wines      Proline  \\\n",
       "count       178.000000  178.000000                    178.000000   178.000000   \n",
       "mean          5.058090    0.957449                      2.611685   746.893258   \n",
       "std           2.318286    0.228572                      0.709990   314.907474   \n",
       "min           1.280000    0.480000                      1.270000   278.000000   \n",
       "25%           3.220000    0.782500                      1.937500   500.500000   \n",
       "50%           4.690000    0.965000                      2.780000   673.500000   \n",
       "75%           6.200000    1.120000                      3.170000   985.000000   \n",
       "max          13.000000    1.710000                      4.000000  1680.000000   \n",
       "\n",
       "            class  \n",
       "count  178.000000  \n",
       "mean     1.938202  \n",
       "std      0.775035  \n",
       "min      1.000000  \n",
       "25%      1.000000  \n",
       "50%      2.000000  \n",
       "75%      3.000000  \n",
       "max      3.000000  "
      ]
     },
     "execution_count": 5,
     "metadata": {},
     "output_type": "execute_result"
    },
    {
     "data": {
      "text/html": [
       "<div>\n",
       "<style scoped>\n",
       "    .dataframe tbody tr th:only-of-type {\n",
       "        vertical-align: middle;\n",
       "    }\n",
       "\n",
       "    .dataframe tbody tr th {\n",
       "        vertical-align: top;\n",
       "    }\n",
       "\n",
       "    .dataframe thead th {\n",
       "        text-align: right;\n",
       "    }\n",
       "</style>\n",
       "<table border=\"1\" class=\"dataframe\">\n",
       "  <thead>\n",
       "    <tr style=\"text-align: right;\">\n",
       "      <th></th>\n",
       "      <th>Alcohol</th>\n",
       "      <th>Malicacid</th>\n",
       "      <th>Ash</th>\n",
       "      <th>Alcalinity_of_ash</th>\n",
       "      <th>Magnesium</th>\n",
       "      <th>Total_phenols</th>\n",
       "      <th>Flavanoids</th>\n",
       "      <th>Nonflavanoid_phenols</th>\n",
       "      <th>Proanthocyanins</th>\n",
       "      <th>Color_intensity</th>\n",
       "      <th>Hue</th>\n",
       "      <th>0D280_0D315_of_diluted_wines</th>\n",
       "      <th>Proline</th>\n",
       "      <th>class</th>\n",
       "    </tr>\n",
       "  </thead>\n",
       "  <tbody>\n",
       "    <tr>\n",
       "      <th>Alcohol</th>\n",
       "      <td>1.000000</td>\n",
       "      <td>0.094397</td>\n",
       "      <td>0.211545</td>\n",
       "      <td>-0.310235</td>\n",
       "      <td>0.270798</td>\n",
       "      <td>0.289101</td>\n",
       "      <td>0.236815</td>\n",
       "      <td>-0.155929</td>\n",
       "      <td>0.136698</td>\n",
       "      <td>0.546364</td>\n",
       "      <td>-0.071747</td>\n",
       "      <td>0.072343</td>\n",
       "      <td>0.643720</td>\n",
       "      <td>-0.328222</td>\n",
       "    </tr>\n",
       "    <tr>\n",
       "      <th>Malicacid</th>\n",
       "      <td>0.094397</td>\n",
       "      <td>1.000000</td>\n",
       "      <td>0.164045</td>\n",
       "      <td>0.288500</td>\n",
       "      <td>-0.054575</td>\n",
       "      <td>-0.335167</td>\n",
       "      <td>-0.411007</td>\n",
       "      <td>0.292977</td>\n",
       "      <td>-0.220746</td>\n",
       "      <td>0.248985</td>\n",
       "      <td>-0.561296</td>\n",
       "      <td>-0.368710</td>\n",
       "      <td>-0.192011</td>\n",
       "      <td>0.437776</td>\n",
       "    </tr>\n",
       "    <tr>\n",
       "      <th>Ash</th>\n",
       "      <td>0.211545</td>\n",
       "      <td>0.164045</td>\n",
       "      <td>1.000000</td>\n",
       "      <td>0.443367</td>\n",
       "      <td>0.286587</td>\n",
       "      <td>0.128980</td>\n",
       "      <td>0.115077</td>\n",
       "      <td>0.186230</td>\n",
       "      <td>0.009652</td>\n",
       "      <td>0.258887</td>\n",
       "      <td>-0.074667</td>\n",
       "      <td>0.003911</td>\n",
       "      <td>0.223626</td>\n",
       "      <td>-0.049643</td>\n",
       "    </tr>\n",
       "    <tr>\n",
       "      <th>Alcalinity_of_ash</th>\n",
       "      <td>-0.310235</td>\n",
       "      <td>0.288500</td>\n",
       "      <td>0.443367</td>\n",
       "      <td>1.000000</td>\n",
       "      <td>-0.083333</td>\n",
       "      <td>-0.321113</td>\n",
       "      <td>-0.351370</td>\n",
       "      <td>0.361922</td>\n",
       "      <td>-0.197327</td>\n",
       "      <td>0.018732</td>\n",
       "      <td>-0.273955</td>\n",
       "      <td>-0.276769</td>\n",
       "      <td>-0.440597</td>\n",
       "      <td>0.517859</td>\n",
       "    </tr>\n",
       "    <tr>\n",
       "      <th>Magnesium</th>\n",
       "      <td>0.270798</td>\n",
       "      <td>-0.054575</td>\n",
       "      <td>0.286587</td>\n",
       "      <td>-0.083333</td>\n",
       "      <td>1.000000</td>\n",
       "      <td>0.214401</td>\n",
       "      <td>0.195784</td>\n",
       "      <td>-0.256294</td>\n",
       "      <td>0.236441</td>\n",
       "      <td>0.199950</td>\n",
       "      <td>0.055398</td>\n",
       "      <td>0.066004</td>\n",
       "      <td>0.393351</td>\n",
       "      <td>-0.209179</td>\n",
       "    </tr>\n",
       "    <tr>\n",
       "      <th>Total_phenols</th>\n",
       "      <td>0.289101</td>\n",
       "      <td>-0.335167</td>\n",
       "      <td>0.128980</td>\n",
       "      <td>-0.321113</td>\n",
       "      <td>0.214401</td>\n",
       "      <td>1.000000</td>\n",
       "      <td>0.864564</td>\n",
       "      <td>-0.449935</td>\n",
       "      <td>0.612413</td>\n",
       "      <td>-0.055136</td>\n",
       "      <td>0.433681</td>\n",
       "      <td>0.699949</td>\n",
       "      <td>0.498115</td>\n",
       "      <td>-0.719163</td>\n",
       "    </tr>\n",
       "    <tr>\n",
       "      <th>Flavanoids</th>\n",
       "      <td>0.236815</td>\n",
       "      <td>-0.411007</td>\n",
       "      <td>0.115077</td>\n",
       "      <td>-0.351370</td>\n",
       "      <td>0.195784</td>\n",
       "      <td>0.864564</td>\n",
       "      <td>1.000000</td>\n",
       "      <td>-0.537900</td>\n",
       "      <td>0.652692</td>\n",
       "      <td>-0.172379</td>\n",
       "      <td>0.543479</td>\n",
       "      <td>0.787194</td>\n",
       "      <td>0.494193</td>\n",
       "      <td>-0.847498</td>\n",
       "    </tr>\n",
       "    <tr>\n",
       "      <th>Nonflavanoid_phenols</th>\n",
       "      <td>-0.155929</td>\n",
       "      <td>0.292977</td>\n",
       "      <td>0.186230</td>\n",
       "      <td>0.361922</td>\n",
       "      <td>-0.256294</td>\n",
       "      <td>-0.449935</td>\n",
       "      <td>-0.537900</td>\n",
       "      <td>1.000000</td>\n",
       "      <td>-0.365845</td>\n",
       "      <td>0.139057</td>\n",
       "      <td>-0.262640</td>\n",
       "      <td>-0.503270</td>\n",
       "      <td>-0.311385</td>\n",
       "      <td>0.489109</td>\n",
       "    </tr>\n",
       "    <tr>\n",
       "      <th>Proanthocyanins</th>\n",
       "      <td>0.136698</td>\n",
       "      <td>-0.220746</td>\n",
       "      <td>0.009652</td>\n",
       "      <td>-0.197327</td>\n",
       "      <td>0.236441</td>\n",
       "      <td>0.612413</td>\n",
       "      <td>0.652692</td>\n",
       "      <td>-0.365845</td>\n",
       "      <td>1.000000</td>\n",
       "      <td>-0.025250</td>\n",
       "      <td>0.295544</td>\n",
       "      <td>0.519067</td>\n",
       "      <td>0.330417</td>\n",
       "      <td>-0.499130</td>\n",
       "    </tr>\n",
       "    <tr>\n",
       "      <th>Color_intensity</th>\n",
       "      <td>0.546364</td>\n",
       "      <td>0.248985</td>\n",
       "      <td>0.258887</td>\n",
       "      <td>0.018732</td>\n",
       "      <td>0.199950</td>\n",
       "      <td>-0.055136</td>\n",
       "      <td>-0.172379</td>\n",
       "      <td>0.139057</td>\n",
       "      <td>-0.025250</td>\n",
       "      <td>1.000000</td>\n",
       "      <td>-0.521813</td>\n",
       "      <td>-0.428815</td>\n",
       "      <td>0.316100</td>\n",
       "      <td>0.265668</td>\n",
       "    </tr>\n",
       "    <tr>\n",
       "      <th>Hue</th>\n",
       "      <td>-0.071747</td>\n",
       "      <td>-0.561296</td>\n",
       "      <td>-0.074667</td>\n",
       "      <td>-0.273955</td>\n",
       "      <td>0.055398</td>\n",
       "      <td>0.433681</td>\n",
       "      <td>0.543479</td>\n",
       "      <td>-0.262640</td>\n",
       "      <td>0.295544</td>\n",
       "      <td>-0.521813</td>\n",
       "      <td>1.000000</td>\n",
       "      <td>0.565468</td>\n",
       "      <td>0.236183</td>\n",
       "      <td>-0.617369</td>\n",
       "    </tr>\n",
       "    <tr>\n",
       "      <th>0D280_0D315_of_diluted_wines</th>\n",
       "      <td>0.072343</td>\n",
       "      <td>-0.368710</td>\n",
       "      <td>0.003911</td>\n",
       "      <td>-0.276769</td>\n",
       "      <td>0.066004</td>\n",
       "      <td>0.699949</td>\n",
       "      <td>0.787194</td>\n",
       "      <td>-0.503270</td>\n",
       "      <td>0.519067</td>\n",
       "      <td>-0.428815</td>\n",
       "      <td>0.565468</td>\n",
       "      <td>1.000000</td>\n",
       "      <td>0.312761</td>\n",
       "      <td>-0.788230</td>\n",
       "    </tr>\n",
       "    <tr>\n",
       "      <th>Proline</th>\n",
       "      <td>0.643720</td>\n",
       "      <td>-0.192011</td>\n",
       "      <td>0.223626</td>\n",
       "      <td>-0.440597</td>\n",
       "      <td>0.393351</td>\n",
       "      <td>0.498115</td>\n",
       "      <td>0.494193</td>\n",
       "      <td>-0.311385</td>\n",
       "      <td>0.330417</td>\n",
       "      <td>0.316100</td>\n",
       "      <td>0.236183</td>\n",
       "      <td>0.312761</td>\n",
       "      <td>1.000000</td>\n",
       "      <td>-0.633717</td>\n",
       "    </tr>\n",
       "    <tr>\n",
       "      <th>class</th>\n",
       "      <td>-0.328222</td>\n",
       "      <td>0.437776</td>\n",
       "      <td>-0.049643</td>\n",
       "      <td>0.517859</td>\n",
       "      <td>-0.209179</td>\n",
       "      <td>-0.719163</td>\n",
       "      <td>-0.847498</td>\n",
       "      <td>0.489109</td>\n",
       "      <td>-0.499130</td>\n",
       "      <td>0.265668</td>\n",
       "      <td>-0.617369</td>\n",
       "      <td>-0.788230</td>\n",
       "      <td>-0.633717</td>\n",
       "      <td>1.000000</td>\n",
       "    </tr>\n",
       "  </tbody>\n",
       "</table>\n",
       "</div>"
      ],
      "text/plain": [
